2 100
301 -256 463 -53
-687 789 509 921 -894 338 -982 466 -361 294 -499 -407 862 355 -301 792 -454
-434 229 -436 873 -407 -190 992 -913 -566 -294 273 110 -214 448 727 -598 
-201 439
-784 966 -591 549 -536 -205 -994 -729 230 643 615 -448 -181 433 -660 874 889 166 286 695 20 669 647 -159 -967 -982 -773 930 -503 996 77 -569 424 -595 -529
-534 -403 613 -39 914 -482 136 -294 944 -575 632 -197 -446 -630 140 843 -784 806 898 401 -784 663 -398 -308 -219 378 438 96 -403 -145 727 779 810 806 -461
-862 79 463 118 270 825 -882 -557 191 210 -540 799 37 992 179 -328 943 812 807 -158 -163 32 -731 981 859 -294 100 -363 -377 -228 -192 -74 51 75 351 774 -21 
-695 190 -931 275 -561 891 553 674 -208 -251 799 49 -738 -606 -876 -652 -130 
-149 781 -99 -819 -969 -748 324 -296 107 -968 -260 -135 752 -306 -465 -351 
-289 621 355 494 676 220 -412 -455 -90 -12 -973 860 633 245 945 637 -412 901 
-712 104 
-195 -910 -769 113 -14